0,552
86,4
0,537
0,472
85,4
64,2
107,35
85,5
85,1
85,3
86,1
86,3
64,4
0,273
0,270
3,2
3,1
3,3
10,205
10,99
10,253
10,255
10,33
10,189
8,6
8,13
8,12
8,7
8,18
8,10
8,2
8,3
86,2
85,2
71,4
71,3
71,1
67,5
67,3
67,1
64,1
64,3
43,4
43,3
43,1
34,4
34,3
34,1
33,3
33,1
20,3
20,2
20,1
19,2
19,3
19,1
12,3
12,2
12,1
11,30
11,29
11,28
11,27
11,26
11,25
11,24
11,23
11,22
11,21
11,20
11,19
11,18
11,17
11,16
11,15
11,14
11,13
11,12
11,11
11,10
11,9
11,8
11,7
11,6
11,5
11,4
11,3
11,2
11,1
10,315
10,314
10,313
10,312
10,311
10,310
10,309
10,308
10,307
10,302
10,301
10,300
10,296
10,277
10,271
10,258
10,257
10,252
10,237
10,235
10,234
10,211
10,209
10,206
10,203
10,195
10,183
10,170
10,168
10,149
10,148
